4
4
PLAYER 1 1 5
PLAYER 2 2 5
PLAYER 3 3 5
PLAYER 4 4 5
0
0

1 0 0 0 0 0 0 0 0 0 0 0 0 0 0 0 0 0 2 2 
1 1 0 0 0 0 0 0 0 0 0 0 0 0 0 0 0 2 2 0 
0 1 1 0 0 0 0 0 0 0 0 0 0 0 0 0 0 2 0 0 
0 0 0 0 0 0 0 0 0 0 0 0 0 0 0 0 0 0 0 0 
0 0 0 0 0 0 0 0 0 0 0 0 0 0 0 0 0 0 0 0 
0 0 0 0 0 0 0 0 0 0 0 0 0 0 0 0 0 0 0 0 
0 0 0 0 0 0 0 0 0 0 0 0 0 0 0 0 0 0 0 0 
0 0 0 0 0 0 0 0 0 0 0 0 0 0 0 0 0 0 0 0 
0 0 0 0 0 0 0 0 0 0 0 0 0 0 0 0 0 0 0 0 
0 0 0 0 0 0 0 0 0 0 0 0 0 0 0 0 0 0 0 0 
0 0 0 0 0 0 0 0 0 0 0 0 0 0 0 0 0 0 0 0 
0 0 0 0 0 0 0 0 0 0 0 0 0 0 0 0 0 0 0 0 
0 0 0 0 0 0 0 0 0 0 0 0 0 0 0 0 0 0 0 0 
0 0 0 0 0 0 0 0 0 0 0 0 0 0 0 0 0 0 0 0 
0 0 0 0 0 0 0 0 0 0 0 0 0 0 0 0 0 0 0 0 
0 0 0 0 0 0 0 0 0 0 0 0 0 0 0 0 0 0 0 0 
0 0 0 0 0 0 0 0 0 0 0 0 0 0 0 0 0 0 0 0 
0 0 3 0 0 0 0 0 0 0 0 0 0 0 0 0 0 0 4 0 
0 3 3 0 0 0 0 0 0 0 0 0 0 0 0 0 0 4 4 4 
3 3 0 0 0 0 0 0 0 0 0 0 0 0 0 0 0 0 0 4 
20
2 23
3 23
3 24
4 24
4 25
15 22
15 23
16 21
16 22
17 21
20 25
21 24
21 25
22 23
22 24
33 27
34 26
34 27
34 28
35 28
1 5 2 28 2 27 3 27 4 27 3 26
1 5 2 44 3 44 4 44 4 43 3 43
1 5 2 49 2 48 2 47 3 48 4 48
1 5 2 53 3 53 3 54 3 55 2 55
1 5 3 34 2 34 2 33 2 32 2 31
1 5 3 39 3 38 2 38 2 37 2 36
1 5 3 59 4 59 5 59 5 60 5 61
1 5 3 65 3 66 4 66 5 66 5 67
1 5 3 69 2 69 3 70 4 69 3 68
1 5 3 75 4 75 4 74 5 75 6 75
1 4 3 85 3 86 3 87 2 87
1 4 4 79 4 80 3 80 3 81
1 5 4 95 4 94 4 93 4 92 4 91
1 3 6 41 7 41 7 42
1 3 7 32 8 32 9 32
1 4 7 35 7 36 8 36 8 35
1 2 7 44 8 44
1 1 7 48
1 4 9 24 10 24 11 24 12 24
2 4 9 72 10 72 11 72 12 72
2 4 9 78 9 79 10 79 10 78
2 3 9 83 10 83 11 83
2 3 9 87 10 87 10 88
2 2 9 91 10 91
2 1 9 95
1 4 12 27 12 28 11 27 12 26
2 4 12 75 12 76 11 75 12 74
2 5 15 28 15 27 16 27 17 27 16 26
2 5 15 44 16 44 17 44 17 43 16 43
2 5 15 49 15 48 15 47 16 48 17 48
2 5 15 53 16 53 16 54 16 55 15 55
2 5 16 34 15 34 15 33 15 32 15 31
2 5 16 39 16 38 15 38 15 37 15 36
2 5 16 59 17 59 18 59 18 60 18 61
2 5 16 65 16 66 17 66 18 66 18 67
2 5 16 69 15 69 16 70 17 69 16 68
2 5 16 75 17 75 17 74 18 75 19 75
2 4 17 79 17 80 16 80 16 81
2 4 17 85 17 86 17 87 16 87
2 5 17 95 17 94 17 93 17 92 17 91
3 5 22 28 22 27 23 27 24 27 23 26
3 5 22 44 23 44 24 44 24 43 23 43
3 5 22 49 22 48 22 47 23 48 24 48
3 5 22 53 23 53 23 54 23 55 22 55
3 5 23 34 22 34 22 33 22 32 22 31
3 5 23 39 23 38 22 38 22 37 22 36
3 5 23 59 24 59 25 59 25 60 25 61
3 5 23 65 23 66 24 66 25 66 25 67
3 5 23 69 22 69 23 70 24 69 23 68
3 5 23 75 24 75 24 74 25 75 26 75
3 4 23 85 23 86 23 87 22 87
3 5 23 95 23 94 23 93 23 92 23 91
3 4 24 79 24 80 23 80 23 81
3 3 26 41 27 41 27 42
3 3 27 32 28 32 29 32
3 4 27 35 27 36 28 36 28 35
3 2 27 44 28 44
3 1 27 48
3 4 29 24 30 24 31 24 32 24
4 4 29 72 30 72 31 72 32 72
4 4 29 78 29 79 30 79 30 78
4 3 29 83 30 83 31 83
4 3 29 87 30 87 30 88
4 2 29 91 30 91
4 1 29 95
3 4 32 27 32 28 31 27 32 26
4 4 32 75 32 76 31 75 32 74
4 5 35 23 36 23 36 24 37 24 37 25
4 5 35 44 36 44 37 44 37 43 36 43
4 5 35 49 35 48 35 47 36 48 37 48
4 5 35 53 36 53 36 54 36 55 35 55
4 5 36 34 35 34 35 33 35 32 35 31
4 5 36 39 36 38 35 38 35 37 35 36
4 5 36 59 37 59 38 59 38 60 38 61
4 5 36 65 36 66 37 66 38 66 38 67
4 5 36 69 35 69 36 70 37 69 36 68
4 5 36 75 37 75 37 74 38 75 39 75
4 5 36 95 36 94 36 93 36 92 36 91
4 4 37 79 37 80 36 80 36 81
4 4 37 85 37 86 37 87 36 87
